0000 0.52084959
0001 0.77530944
0002 -0.01289114
0010 0.52313131
0011 0.71902651
0012 -0.04608864
0020 0.52157700
0021 0.72952634
0022 -0.01823915
0030 0.51512694
0031 0.65021116
0032 -0.04425785
0040 0.52372146
0041 0.70163417
0042 -0.05184967
0050 0.52382451
0051 0.67417336
0052 -0.05197604
0060 0.52363497
0061 0.59890866
0062 -0.03817008
0070 0.45178956
0071 0.56587464
0072 -0.00920393
0080 0.52424133
0081 0.54491210
0082 -0.03997553
0090 0.52495396
0091 0.51907802
0092 -0.04654954
0100 0.52635241
0101 0.41884995
0102 -0.05383965
0110 0.52059406
0111 0.78388655
0112 -0.01020485
0120 0.52021646
0121 0.78914267
0122 -0.00575891
0130 0.51984251
0131 0.78990781
0132 -0.00066992
0140 0.52029121
0141 0.79449630
0142 0.00215119
0150 0.52030408
0151 0.80316871
0152 0.00212014
0160 0.52013910
0161 0.81323838
0162 0.00227049
0170 0.51981640
0171 0.82192320
0172 0.00591709
0180 0.51874202
0181 0.82946610
0182 0.01834210
0190 0.52267724
0191 0.72544235
0192 -0.03996359
0200 0.51310956
0201 0.71983439
0202 -0.02710483
0210 0.41030052
0211 0.46929389
0212 0.01569674
0220 0.48226643
0221 0.58655870
0222 -0.01408299
0230 0.47263837
0231 0.58759034
0232 -0.01390976
0240 0.46253484
0241 0.58671665
0242 -0.01221710
0250 0.44806802
0251 0.57076085
0252 -0.00702182
0260 0.48981237
0261 0.58307052
0262 -0.01302058
0270 0.46616304
0271 0.53671944
0272 -0.02448678
0280 0.47719964
0281 0.53923637
0282 -0.02378632
0290 0.45624048
0291 0.53833497
0292 -0.02178624
0300 0.44962659
0301 0.54373753
0302 -0.01795069
0310 0.43962914
0311 0.58283585
0312 -0.00121009
0320 0.48132050
0321 0.84238487
0322 0.03295284
0330 0.44713366
0331 0.55856109
0332 -0.00741460
0340 0.40652382
0341 0.55178893
0342 0.03484511
0350 0.42698961
0351 0.56404525
0352 0.00450899
0360 0.47303826
0361 0.67707115
0362 -0.00809023
0370 0.50921643
0371 0.77100265
0372 -0.01288399
0380 0.51062971
0381 0.78760630
0382 -0.00517030
0390 0.49721843
0391 0.77374732
0392 -0.00739220
0400 0.49009371
0401 0.77746189
0402 -0.00024684
0410 0.50215554
0411 0.78676522
0412 -0.00238464
0420 0.49559599
0421 0.78590852
0422 0.00371572
0430 0.47553298
0431 0.79510647
0432 0.02020537
0440 0.51512527
0441 0.71737802
0442 -0.04585933
0450 0.51392514
0451 0.70055950
0452 -0.05133045
0460 0.43438214
0461 0.52322352
0462 -0.02145698
0470 0.49266857
0471 0.62862015
0472 -0.01676796
0480 0.49165601
0481 0.70030916
0482 -0.02487900
0490 0.49078465
0491 0.68817496
0492 -0.02345042
0500 0.44429043
0501 0.66586554
0502 0.00001020
0510 0.51455694
0511 0.67446297
0512 -0.04962702
0520 0.45866376
0521 0.51188922
0522 -0.03746358
0530 0.44463003
0531 0.51438856
0532 -0.03110309
0540 0.42131829
0541 0.44425786
0542 -0.00753054
0550 0.50265622
0551 0.53601384
0552 -0.03955375
0560 0.48664162
0561 0.54683101
0562 -0.01970781
0570 0.46891928
0571 0.77873927
0572 0.01859651
0580 0.41690916
0581 0.71514207
0582 0.09586406
0590 0.49857903
0591 0.71099997
0592 -0.01934489
0600 0.50610012
0601 0.71831310
0602 -0.01784120
0610 0.48069990
0611 0.78368473
0612 0.01716835
0620 0.48488885
0621 0.78354490
0622 0.01460688
0630 0.43866801
0631 0.49944228
0632 -0.02976877
0640 0.49111825
0641 0.70618665
0642 -0.01825408
0650 0.47760853
0651 0.51720512
0652 -0.04049936
0660 0.47586495
0661 0.50203633
0662 -0.04527520
0670 0.46547893
0671 0.41814956
0672 -0.04529355
0680 0.42996460
0681 0.47275847
0682 -0.02082809
0690 0.47191882
0691 0.46149838
0692 -0.04621004
0700 0.42755395
0701 0.51084495
0702 -0.01605782
0710 0.41879213
0711 0.49198043
0712 -0.00159597
0720 0.50979638
0721 0.78142738
0722 -0.01014767
0730 0.50004196
0731 0.78236127
0732 -0.00523510
0740 0.49290559
0741 0.78238904
0742 0.00103274
0750 0.50079358
0751 0.71433294
0752 -0.01653946
0760 0.48303378
0761 0.78426957
0762 0.01586143
0770 0.48683220
0771 0.78914964
0772 0.01199532
0780 0.48553035
0781 0.78181660
0782 0.01432430
0790 0.50421321
0791 0.70984751
0792 -0.03348597
0800 0.49724472
0801 0.78377593
0802 0.00571353
0810 0.50377083
0811 0.78625900
0812 0.00201610
0820 0.51151836
0821 0.78845662
0822 -0.00049169
0830 0.50589561
0831 0.82810175
0832 0.01790113
0840 0.50757229
0841 0.81949800
0842 0.00533750
0850 0.50854588
0851 0.81031525
0852 0.00209478
0860 0.50965309
0861 0.80052400
0862 0.00188648
0870 0.51066667
0871 0.79318690
0872 0.00219139
0880 0.49532336
0881 0.78782809
0882 0.00744191
0890 0.49384797
0891 0.79059219
0892 0.00686863
0900 0.49152505
0901 0.79524672
0902 0.00703275
0910 0.48925677
0911 0.80003428
0912 0.00959106
0920 0.48109087
0921 0.75246119
0922 -0.00059446
0930 0.40575111
0931 0.61822432
0932 0.09001137
0940 0.52220392
0941 0.72608358
0942 -0.02614382
0950 0.49081790
0951 0.78557658
0952 0.01153793
0960 0.48906231
0961 0.78731310
0962 0.01123518
0970 0.50929809
0971 0.72748709
0972 -0.01644492
0980 0.49386036
0981 0.71671504
0982 -0.00917444
0990 0.50768697
0991 0.72312099
0992 -0.01743798
1000 0.48328057
1001 0.63695157
1002 -0.01217989
1010 0.46741003
1011 0.64862466
1012 -0.00874529
1020 0.48918682
1021 0.69432282
1022 -0.01696086
1030 0.43896088
1031 0.42675802
1032 -0.02871679
1040 0.44693226
1041 0.46134400
1042 -0.03518134
1050 0.45486045
1051 0.49596375
1052 -0.03916007
1060 0.48344311
1061 0.80752933
1062 0.01859599
1070 0.50006425
1071 0.51163268
1072 -0.04750226
1080 0.49727869
1081 0.46629503
1082 -0.05143653
1090 0.49361861
1091 0.41640127
1092 -0.05351844
1100 0.45339775
1101 0.58067095
1102 -0.00942174
1110 0.42810789
1111 0.59428138
1112 0.00511825
1120 0.49432686
1121 0.57949775
1122 -0.01219190
1130 0.43884981
1131 0.54618812
1132 -0.01161486
1140 0.49939752
1141 0.61929262
1142 -0.02158356
1150 0.49777088
1151 0.69790834
1152 -0.03493583
1160 0.41692686
1161 0.60112363
1162 0.01700069
1170 0.43592411
1171 0.61310714
1172 0.00002856
1180 0.44963881
1181 0.62553072
1182 -0.00615861
1190 0.46945268
1191 0.62451124
1192 -0.00897490
1200 0.48308349
1201 0.61710954
1202 -0.01100702
1210 0.49229020
1211 0.61039370
1212 -0.01424886
1220 0.51377308
1221 0.60133976
1222 -0.03481991
1230 0.41971394
1231 0.64320517
1232 0.02175988
1240 0.42975569
1241 0.54068184
1242 -0.00907235
1250 0.51786745
1251 0.72432500
1252 -0.03980318
1260 0.49347866
1261 0.65160573
1262 -0.01697210
1270 0.40220898
1271 0.53645253
1272 0.06489882
1280 0.49961996
1281 0.60342592
1282 -0.01699404
1290 0.48802626
1291 0.69211823
1292 -0.00742632
1300 0.44434211
1301 0.55805260
1302 -0.00591647
1310 0.49712831
1311 0.68297613
1312 -0.03319252
1320 0.40958363
1321 0.66472244
1322 0.09513731
1330 0.49327648
1331 0.57225788
1332 -0.01156948
1340 0.50553054
1341 0.67710263
1342 -0.04349919
1350 0.44047561
1351 0.78463101
1352 0.05562301
1360 0.43956485
1361 0.79391384
1362 0.07651642
1370 0.40805301
1371 0.63176966
1372 0.05537961
1380 0.42820930
1381 0.75357461
1382 0.06195579
1390 0.41208208
1391 0.51818800
1392 0.01837409
1400 0.47893268
1401 0.85468066
1402 0.04219589
1410 0.51839006
1411 0.72497976
1412 -0.02566691
1420 0.48493814
1421 0.66308296
1422 -0.01161223
1430 0.41764164
1431 0.56267893
1432 0.01329377
1440 0.46370113
1441 0.57507122
1442 -0.01282484
1450 0.47284806
1451 0.57712626
1452 -0.01434513
1460 0.48413122
1461 0.79115742
1462 0.01402618
1470 0.42233172
1471 0.67944163
1472 0.03307459
1480 0.49573907
1481 0.87718678
1482 0.05122653
1490 0.46729380
1491 0.84378433
1492 0.06124382
1500 0.45462054
1501 0.82334542
1502 0.06766687
1510 0.52568495
1511 0.47072750
1512 -0.05130016
1520 0.51591742
1521 0.88269013
1522 0.05076487
1530 0.48069954
1531 0.57600546
1532 -0.01440065
1540 0.48800075
1541 0.57334244
1542 -0.01317761
1550 0.49198312
1551 0.57251602
1552 -0.01159337
1560 0.42169517
1561 0.53188777
1562 -0.00104888
1570 0.48485160
1571 0.55760956
1572 -0.01700542
1580 0.47599006
1581 0.55041063
1582 -0.01946577
1590 0.46680108
1591 0.54856157
1592 -0.01969933
1600 0.45772675
1601 0.55055344
1602 -0.01773738
1610 0.45234129
1611 0.55469275
1612 -0.01474525
1620 0.40419933
1621 0.49821430
1622 0.04126490
1630 0.45703107
1631 0.57090551
1632 -0.01088227
1640 0.52122962
1641 0.74323088
1642 -0.01433816
1650 0.48921534
1651 0.74421495
1652 -0.00642217
1660 0.49858862
1661 0.70934272
1662 -0.02375526
1670 0.50798917
1671 0.74400449
1672 -0.01410999
1680 0.52365834
1681 0.56936479
1682 -0.03561894
1690 0.45315266
1691 0.81209284
1692 0.05262543
1700 0.46545738
1701 0.83305216
1702 0.04832832
1710 0.49548966
1711 0.87241685
1712 0.03712566
1720 0.42721671
1721 0.75922346
1722 0.08776232
1730 0.49059513
1731 0.56707817
1732 -0.01405760
1740 0.50672972
1741 0.63370627
1742 -0.03291418
1750 0.51679313
1751 0.87744242
1752 0.03698525
1760 0.48053759
1761 0.86304092
1762 0.05441824
1770 0.41155791
1771 0.67309564
1772 0.06272300
1780 0.50231493
1781 0.79063302
1782 0.00426262
1790 0.50075710
1791 0.79570699
1792 0.00359729
1800 0.49889326
1801 0.80306774
1802 0.00385361
1810 0.49727309
1811 0.81127310
1812 0.00676820
1820 0.49339324
1821 0.81911123
1822 0.01700520
1830 0.48960322
1831 0.78456533
1832 0.00919266
1840 0.48693532
1841 0.78306615
1842 0.00870017
1850 0.48413113
1851 0.77969241
1852 0.00798608
1860 0.47397682
1861 0.76472867
1862 0.00766600
1870 0.43686309
1871 0.69994891
1872 0.01724073
1880 0.50657630
1881 0.60942948
1882 -0.02763308
1890 0.50144839
1891 0.56333160
1892 -0.01910555
1900 0.49491763
1901 0.56264669
1902 -0.01626540
1910 0.49137655
1911 0.78180134
1912 0.01062912
1920 0.43472233
1921 0.73798501
1922 0.03955803
1930 0.51038647
1931 0.56836200
1932 -0.02999692
1940 0.48675323
1941 0.82971686
1942 0.02579131
1950 0.52378702
1951 0.64886314
1952 -0.04707547
1960 0.51412344
1961 0.62727773
1962 -0.04074283
1970 0.52368945
1971 0.62508452
1972 -0.04258097
1980 0.49963635
1981 0.66298795
1982 -0.02801295
1990 0.51749516
1991 0.86386490
1992 0.02797449
2000 0.51812905
2001 0.84502482
2002 0.02366984
2010 0.50182408
2011 0.84240109
2012 0.02423701
2020 0.46496391
2021 0.79568344
2022 0.02692597
2030 0.47945875
2031 0.70536172
2032 -0.00358529
2040 0.47451192
2041 0.81431860
2042 0.02716551
2050 0.45812532
2051 0.69668347
2052 -0.00144951
2060 0.47087783
2061 0.72312212
2062 0.00053507
2070 0.44994247
2071 0.72242224
2072 0.01049547
2080 0.49760059
2081 0.85972208
2082 0.02864919
2090 0.49367291
2091 0.66958988
2092 -0.01958396
2100 0.45632190
2101 0.80097878
2102 0.03813206
2110 0.46844238
2111 0.82212973
2112 0.03770572
2120 0.45838869
2121 0.77388430
2122 0.02288046
2130 0.42503464
2131 0.70967543
2132 0.04295889
2140 0.44615692
2141 0.76665318
2142 0.03161754
2150 0.41717076
2151 0.71276009
2152 0.06697644
2160 0.46361962
2161 0.74550188
2162 0.00825685
2170 0.50003582
2171 0.64225113
2172 -0.02452054
2180 0.50113070
2181 0.70714796
2182 -0.03602093
2190 0.49464253
2191 0.70738935
2192 -0.02473647
2200 0.50537622
2201 0.69865751
2202 -0.04380284
2210 0.49393657
2211 0.54552853
2212 -0.02532217
2220 0.47794953
2221 0.53290069
2222 -0.02944836
2230 0.46377993
2231 0.52908659
2232 -0.02977238
2240 0.45192319
2241 0.53007078
2242 -0.02630547
2250 0.44365340
2251 0.53530103
2252 -0.02074749
2260 0.43702134
2261 0.56160635
2262 -0.00232050
2270 0.40594620
2271 0.59122741
2272 0.04546119
2280 0.44584411
2281 0.59401441
2282 -0.00405036
2290 0.45668632
2291 0.60328424
2292 -0.00795665
2300 0.47056156
2301 0.60423750
2302 -0.01037022
2310 0.48290828
2311 0.60017425
2312 -0.01162514
2320 0.49148989
2321 0.59548974
2322 -0.01227674
2330 0.49750066
2331 0.59180808
2332 -0.01330404
2340 0.40386307
2341 0.57586002
2342 0.08014010
2350 0.49470484
2351 0.71063602
2352 -0.01933325
2360 0.50699520
2361 0.65510619
2362 -0.03694940
2370 0.50819337
2371 0.71222425
2372 -0.04235464
2380 0.51295549
2381 0.71912086
2382 -0.03650235
2390 0.50807327
2391 0.71283257
2392 -0.03742129
2400 0.49702874
2401 0.71571434
2402 -0.01488831
2410 0.51480812
2411 0.72215426
2412 -0.03863387
2420 0.51526546
2421 0.72325969
2422 -0.02632842
2430 0.49690843
2431 0.57507932
2432 -0.01210630
2440 0.50247455
2441 0.58341300
2442 -0.01612369
2450 0.50561225
2451 0.59076941
2452 -0.02126522
2460 0.44928849
2461 0.55718088
2462 -0.01161954
2470 0.44484943
2471 0.54887629
2472 -0.01240099
2480 0.53183770
2481 0.65114200
2482 -0.04278705
2490 0.58900499
2491 0.57546127
2492 0.00157619
2500 0.53110677
2501 0.72041154
2502 -0.02595435
2510 0.62590611
2511 0.48613334
2512 0.03242140
2520 0.55952263
2521 0.59147137
2522 -0.00735234
2530 0.56873488
2531 0.59357285
2532 -0.00580497
2540 0.57829893
2541 0.59376848
2542 -0.00273659
2550 0.59170914
2551 0.58050942
2552 0.00439923
2560 0.55258375
2561 0.58710045
2562 -0.00760855
2570 0.57739401
2571 0.54683477
2572 -0.01573954
2580 0.56686628
2581 0.54744351
2582 -0.01699577
2590 0.58645159
2591 0.55002582
2592 -0.01166961
2600 0.59197426
2601 0.55580103
2602 -0.00701418
2610 0.59867835
2611 0.59279585
2612 0.01089015
2620 0.55160969
2621 0.84351140
2622 0.03781811
2630 0.59333658
2631 0.56933320
2632 0.00381845
2640 0.62552971
2641 0.56663620
2642 0.05193726
2650 0.61011982
2651 0.57632089
2652 0.01837936
2660 0.56673133
2661 0.68122005
2662 -0.00137767
2670 0.53202569
2671 0.77131522
2672 -0.01100497
2680 0.52913570
2681 0.78772068
2682 -0.00349678
2690 0.54246235
2691 0.77399552
2692 -0.00353546
2700 0.54826689
2701 0.77755725
2702 0.00484075
2710 0.53669095
2711 0.78676176
2712 0.00081407
2720 0.54231310
2721 0.78606629
2722 0.00798939
2730 0.55964243
2731 0.79649442
2732 0.02652009
2740 0.53099042
2741 0.71797496
2742 -0.04487166
2750 0.53289396
2751 0.70143878
2752 -0.05023098
2760 0.60682148
2761 0.53847045
2762 -0.00847562
2770 0.54977083
2771 0.63174665
2772 -0.01237466
2780 0.55083698
2781 0.70275140
2782 -0.02043283
2790 0.55132371
2791 0.69076401
2792 -0.01897688
2800 0.59257507
2801 0.67265368
2802 0.01121619
2810 0.53261584
2811 0.67535758
2812 -0.04822823
2820 0.58710253
2821 0.52519017
2822 -0.02882495
2830 0.59897149
2831 0.52928036
2832 -0.02007520
2840 0.61911577
2841 0.46059114
2842 0.00777886
2850 0.54541647
2851 0.54066229
2852 -0.03678787
2860 0.55748522
2861 0.55314672
2862 -0.01416744
2870 0.56627619
2871 0.78062385
2872 0.02620808
2880 0.60543895
2881 0.72240508
2882 0.11127597
2890 0.54392445
2891 0.71267647
2892 -0.01611066
2900 0.53669679
2901 0.71954703
2902 -0.01620975
2910 0.55574048
2911 0.78464353
2912 0.02378786
2920 0.55157655
2921 0.78430378
2922 0.02043530
2930 0.60457337
2931 0.51560652
2932 -0.01784834
2940 0.55038124
2941 0.70855027
2942 -0.01401091
2950 0.57000291
2951 0.52705562
2952 -0.03458388
2960 0.57263845
2961 0.51237321
2962 -0.03915008
2970 0.58387327
2971 0.42809024
2972 -0.03686405
2980 0.61197567
2981 0.48861068
2982 -0.00752358
2990 0.57735324
2991 0.47115669
2992 -0.03898791
3000 0.61277604
3001 0.52688915
3002 -0.00209503
3010 0.61965239
3011 0.50816441
3012 0.01371979
3020 0.53083110
3021 0.78150010
3022 -0.00836260
3030 0.53928006
3031 0.78252059
3032 -0.00165402
3040 0.54539227
3041 0.78264499
3042 0.00579188
3050 0.54160488
3051 0.71589458
3052 -0.01395198
3060 0.55349255
3061 0.78496289
3062 0.02186744
3070 0.55044866
3071 0.78981000
3072 0.01715953
3080 0.55080211
3081 0.78274179
3082 0.02007779
3090 0.54005378
3091 0.71092069
3092 -0.03048212
3100 0.54021490
3101 0.78409040
3102 0.00971400
3110 0.53442359
3111 0.78645229
3112 0.00500453
3120 0.52741385
3121 0.78846043
3122 0.00113503
3130 0.53082573
3131 0.82862353
3132 0.01946444
3140 0.53133678
3141 0.82007575
3142 0.00702778
3150 0.53115356
3151 0.81072485
3152 0.00385040
3160 0.53027308
3161 0.80089206
3162 0.00376092
3170 0.52933067
3171 0.79351032
3172 0.00396036
3180 0.54271054
3181 0.78830051
3182 0.01161297
3190 0.54422188
3191 0.79125929
3192 0.01099376
3200 0.54641080
3201 0.79609334
3202 0.01131094
3210 0.54827100
3211 0.80106854
3212 0.01426321
3220 0.55727577
3221 0.75429273
3222 0.00527356
3230 0.61887622
3231 0.63086045
3232 0.10724705
3240 0.54637021
3241 0.78631783
3242 0.01650854
3250 0.54827410
3251 0.78800297
3252 0.01637529
3260 0.53334653
3261 0.72851121
3262 -0.01490133
3270 0.54704738
3271 0.71901435
3272 -0.00578297
3280 0.53491318
3281 0.72426724
3282 -0.01593937
3290 0.55806029
3291 0.64082098
3292 -0.00635330
3300 0.57253385
3301 0.65372938
3302 -0.00095642
3310 0.55207962
3311 0.69691062
3312 -0.01235297
3320 0.60605055
3321 0.44074932
3322 -0.01650078
3330 0.59874773
3331 0.47520337
3332 -0.02438713
3340 0.59128296
3341 0.50985557
3342 -0.02990606
3350 0.55207527
3351 0.80864853
3352 0.02379030
3360 0.54955900
3361 0.51729596
3362 -0.04437642
3370 0.55372477
3371 0.47129032
3372 -0.04765744
3380 0.55822670
3381 0.42148930
3382 -0.04918092
3390 0.58667791
3391 0.58925867
3392 0.00127297
3400 0.60827672
3401 0.60502195
3402 0.01882234
3410 0.54861987
3411 0.58321583
3412 -0.00741121
3420 0.60118926
3421 0.55894101
3422 0.00081425
3430 0.54420769
3431 0.62189662
3432 -0.01799234
3440 0.54631019
3441 0.69997412
3442 -0.03140314
3450 0.61702597
3451 0.61277282
3452 0.03247002
3460 0.60139626
3461 0.62221766
3462 0.01276107
3470 0.58914495
3471 0.63276839
3472 0.00442276
3480 0.57092929
3481 0.62979996
3482 -0.00106090
3490 0.55837226
3491 0.62128174
3492 -0.00500606
3500 0.55003041
3501 0.61371720
3502 -0.00965694
3510 0.53274113
3511 0.60258150
3512 -0.03334801
3520 0.61324453
3521 0.65311003
3522 0.03699087
3530 0.60937846
3531 0.55450070
3532 0.00483644
3540 0.52739358
3541 0.72465897
3542 -0.03898630
3550 0.54870951
3551 0.65448523
3552 -0.01257274
3560 0.62654316
3561 0.55236447
3562 0.08292858
3570 0.54380286
3571 0.60616410
3572 -0.01333289
3580 0.55236578
3581 0.69472021
3582 -0.00287935
3590 0.59564930
3591 0.56919265
3592 0.00578759
3600 0.54663926
3601 0.68544126
3602 -0.02965528
3610 0.61352909
3611 0.67461240
3612 0.11171276
3620 0.54959160
3621 0.57623887
3622 -0.00646534
3630 0.54024601
3631 0.67883396
3632 -0.04091591
3640 0.58706677
3641 0.78799534
3642 0.06690592
3650 0.58489454
3651 0.79751742
3652 0.08791259
3660 0.62055880
3661 0.64323771
3662 0.07238028
3670 0.59824544
3671 0.75851834
3672 0.07512763
3680 0.62326580
3681 0.53359914
3682 0.03491191
3690 0.55253112
3691 0.85590971
3692 0.04758390
3700 0.52604365
3701 0.72527838
3702 -0.02526890
3710 0.55586928
3711 0.66650647
3712 -0.00622078
3720 0.61770511
3721 0.57600045
3722 0.02859939
3730 0.57791668
3731 0.58262265
3732 -0.00348015
3740 0.56913477
3741 0.58345681
3742 -0.00608935
3750 0.55282784
3751 0.79206026
3752 0.01962145
3760 0.60898024
3761 0.68790102
3762 0.04761331
3770 0.53538716
3771 0.87799096
3772 0.05418980
3780 0.56085169
3781 0.84553128
3782 0.06868973
3790 0.57172740
3791 0.82558620
3792 0.07689898
3800 0.56146622
3801 0.58129251
3802 -0.00738629
3810 0.55467051
3811 0.57781553
3812 -0.00709743
3820 0.55082226
3821 0.57652837
3822 -0.00615394
3830 0.61616361
3831 0.54659617
3832 0.01384879
3840 0.55802101
3841 0.56335223
3842 -0.01077609
3850 0.56660473
3851 0.55794489
3852 -0.01233104
3860 0.57559586
3861 0.55767298
3862 -0.01113688
3870 0.58411759
3871 0.56084764
3872 -0.00808520
3880 0.58897746
3881 0.56529272
3882 -0.00437676
3890 0.62840199
3891 0.51498592
3892 0.05907049
3900 0.58420002
3901 0.57954049
3902 -0.00067109
3910 0.55051470
3911 0.74590051
3912 -0.00183998
3920 0.54442012
3921 0.71092224
3922 -0.02063284
3930 0.53390455
3931 0.74459136
3932 -0.01222313
3940 0.57553756
3941 0.81423223
3942 0.06178696
3950 0.56440783
3951 0.83442438
3952 0.05561367
3960 0.53714633
3961 0.87326366
3962 0.03996740
3970 0.59572387
3971 0.76450980
3972 0.10128652
3980 0.55242109
3981 0.57154858
3982 -0.00841128
3990 0.53856564
3991 0.63555026
3992 -0.03050276
4000 0.54939115
4001 0.86437380
4002 0.05987709
4010 0.61549073
4011 0.68253422
4012 0.07872520
4020 0.53679425
4021 0.79105699
4022 0.00741765
4030 0.53827715
4031 0.79623431
4032 0.00685759
4040 0.53991973
4041 0.80382442
4042 0.00718963
4050 0.54098386
4051 0.81212556
4052 0.01027605
4060 0.54268497
4061 0.81995660
4062 0.02076213
4070 0.54743510
4071 0.78490913
4072 0.01450066
4080 0.55020159
4081 0.78346157
4082 0.01445029
4090 0.55303729
4091 0.78022099
4092 0.01415880
4100 0.56277931
4101 0.76653302
4102 0.01481950
4110 0.59665561
4111 0.70645863
4112 0.02931545
4120 0.53846717
4121 0.61137062
4122 -0.02516957
4130 0.54330158
4131 0.56683850
4132 -0.01569994
4140 0.54883015
4141 0.56695652
4142 -0.01155438
4150 0.54535747
4151 0.78227603
4152 0.01556323
4160 0.59533644
4161 0.74295998
4162 0.05180702
4170 0.53587377
4171 0.57062262
4172 -0.02807018
4180 0.54731721
4181 0.83066028
4182 0.02996197
4190 0.53251880
4191 0.62837946
4192 -0.03943934
4200 0.54395771
4201 0.66530037
4202 -0.02474990
4210 0.53353143
4211 0.84295803
4212 0.02622635
4220 0.56809139
4221 0.79764497
4222 0.03427856
4230 0.55990487
4231 0.70859265
4232 0.00202200
4240 0.55877292
4241 0.81560910
4242 0.03306415
4250 0.57958567
4251 0.70166606
4252 0.00701313
4260 0.56709218
4261 0.72666192
4262 0.00736265
4270 0.58509684
4271 0.72739446
4272 0.02016002
4280 0.53643131
4281 0.86050147
4282 0.03128943
4290 0.54831433
4291 0.67215145
4292 -0.01548720
4300 0.57462639
4301 0.80308676
4302 0.04665324
4310 0.56334168
4311 0.82356519
4312 0.04430254
4320 0.57511413
4321 0.77655578
4322 0.03168384
4330 0.60451418
4331 0.71656835
4332 0.05677875
4340 0.58502668
4341 0.77007079
4342 0.04181490
4350 0.60893297
4351 0.72008920
4352 0.08214548
4360 0.57237089
4361 0.74884272
4362 0.01627293
4370 0.54363906
4371 0.64457881
4372 -0.02102258
4380 0.54311544
4381 0.70870066
4382 -0.03287138
4390 0.54808760
4391 0.70949280
4392 -0.02103701
4400 0.54037923
4401 0.70028174
4402 -0.04113100
4410 0.55160934
4411 0.55078554
4412 -0.02069220
4420 0.56752896
4421 0.54134119
4422 -0.02294685
4430 0.58098930
4431 0.54019785
4432 -0.02134129
4440 0.59153759
4441 0.54284108
4442 -0.01606400
4450 0.59813690
4451 0.54880953
4452 -0.00914382
4460 0.60169280
4461 0.57309675
4462 0.01027002
4470 0.62422854
4471 0.60480797
4472 0.06283949
4480 0.59300685
4481 0.60261118
4482 0.00737318
4490 0.58310556
4491 0.61028856
4492 0.00188104
4500 0.57018757
4501 0.60980213
4502 -0.00236380
4510 0.55869651
4511 0.60462511
4512 -0.00536533
4520 0.55086803
4521 0.59917086
4522 -0.00748931
4530 0.54545277
4531 0.59487998
4532 -0.00939529
4540 0.62253177
4541 0.59016132
4542 0.09795535
4550 0.54729754
4551 0.71270740
4552 -0.01573306
4560 0.53863114
4561 0.65689832
4562 -0.03441671
4570 0.53740180
4571 0.71335036
4572 -0.04029855
4580 0.53186703
4581 0.71973771
4582 -0.03529905
4590 0.53684044
4591 0.71372080
4592 -0.03533825
4600 0.54459727
4601 0.71765912
4602 -0.01193266
4610 0.53024244
4611 0.72267610
4612 -0.03765661
4620 0.52900654
4621 0.72367859
4622 -0.02558275
4630 0.54638410
4631 0.57870108
4632 -0.00782497
4640 0.54131055
4641 0.58620787
4642 -0.01299807
4650 0.53891671
4651 0.59305298
4652 -0.01871811
4660 0.59157568
4661 0.56812978
4662 -0.00077907
4670 0.59578186
4671 0.56088609
4672 -0.00079073
FFFF