0000 0.44812477
0001 0.55508053
0002 -0.01673608
0010 0.44770718
0011 0.51662135
0012 -0.02919438
0020 0.44817543
0021 0.52866101
0022 -0.01546456
0030 0.44318789
0031 0.47930306
0032 -0.02119284
0040 0.44762900
0041 0.50519437
0042 -0.03097968
0050 0.44773480
0051 0.49020529
0052 -0.02857447
0060 0.44815543
0061 0.45331931
0062 -0.01275596
0070 0.40871006
0071 0.44764587
0072 0.00969853
0080 0.44810271
0081 0.42242232
0082 -0.00826332
0090 0.44816115
0091 0.40637118
0092 -0.00899481
0100 0.44776505
0101 0.35555500
0102 -0.00205631
0110 0.44812968
0111 0.56060344
0112 -0.01598783
0120 0.44823676
0121 0.56471539
0122 -0.01405068
0130 0.44832772
0131 0.56642908
0132 -0.01160939
0140 0.44856024
0141 0.56802297
0142 -0.01183464
0150 0.44859812
0151 0.57260782
0152 -0.01275133
0160 0.44860524
0161 0.57836765
0162 -0.01394149
0170 0.44866383
0171 0.58417588
0172 -0.01332162
0180 0.44883266
0181 0.59366685
0182 -0.00824971
0190 0.44782859
0191 0.52269208
0192 -0.02641446
0200 0.44310921
0201 0.52226359
0202 -0.01878685
0210 0.38858414
0211 0.40526164
0212 0.03769650
0220 0.42471015
0221 0.45856765
0222 0.00333431
0230 0.41929245
0231 0.45921776
0232 0.00395775
0240 0.41406012
0241 0.45860612
0242 0.00573948
0250 0.40698555
0251 0.45172006
0252 0.01047136
0260 0.42924160
0261 0.45587623
0262 0.00405325
0270 0.41731304
0271 0.42808813
0272 0.00221641
0280 0.42317736
0281 0.42928368
0282 0.00197987
0290 0.41186348
0291 0.42970192
0292 0.00413459
0300 0.40817606
0301 0.43367594
0302 0.00631242
0310 0.40266860
0311 0.45966583
0312 0.01327736
0320 0.42812622
0321 0.60846555
0322 -0.00088434
0330 0.40673351
0331 0.44437987
0332 0.01155982
0340 0.38657346
0341 0.45367593
0342 0.03862325
0350 0.39645207
0351 0.45129260
0352 0.01921844
0360 0.42099684
0361 0.50708079
0362 -0.00292938
0370 0.44161603
0371 0.55321681
0372 -0.01560761
0380 0.44286570
0381 0.56438369
0382 -0.01290583
0390 0.43511954
0391 0.55684745
0392 -0.01229637
0400 0.43107438
0401 0.56123692
0402 -0.00833804
0410 0.43820304
0411 0.56516683
0412 -0.01068454
0420 0.43450245
0421 0.56611925
0422 -0.00705453
0430 0.42410511
0431 0.57687271
0432 -0.00035816
0440 0.44320744
0441 0.51636559
0442 -0.02861634
0450 0.44233161
0451 0.50544941
0452 -0.03021698
0460 0.39987829
0461 0.42200631
0462 0.00879981
0470 0.43184316
0471 0.47816834
0472 -0.00318379
0480 0.43133336
0481 0.51431644
0482 -0.01461983
0490 0.43082517
0491 0.50817263
0492 -0.01289761
0500 0.40478259
0501 0.50531340
0502 0.00468634
0510 0.44269878
0511 0.49135077
0512 -0.02671169
0520 0.41225910
0521 0.40907305
0522 -0.00085055
0530 0.40499634
0531 0.41341150
0532 0.00382399
0540 0.39387834
0541 0.38540035
0542 0.02696434
0550 0.43587095
0551 0.41785884
0552 -0.00652369
0560 0.42823419
0561 0.43344143
0562 0.00337718
0570 0.41991609
0571 0.56705093
0572 0.00128828
0580 0.39301831
0581 0.55682766
0582 0.05120873
0590 0.43549302
0591 0.52068698
0592 -0.01277291
0600 0.43980366
0601 0.52410758
0602 -0.01345111
0610 0.42641866
0611 0.56779945
0612 0.00032001
0620 0.42877662
0621 0.56696004
0622 -0.00135078
0630 0.40188390
0631 0.40611506
0632 0.00655985
0640 0.43131930
0641 0.51949269
0642 -0.01163955
0650 0.42214644
0651 0.40958220
0652 -0.00437577
0660 0.42103297
0661 0.40042943
0662 -0.00528917
0670 0.41562182
0671 0.36035502
0672 0.00533951
0680 0.39766502
0681 0.39556393
0682 0.01513085
0690 0.41896451
0691 0.38008785
0692 -0.00038869
0700 0.39639258
0701 0.41697127
0702 0.01373900
0710 0.39235252
0711 0.41167897
0712 0.02483607
0720 0.44213986
0721 0.55975771
0722 -0.01493091
0730 0.43684775
0731 0.56199610
0732 -0.01179086
0740 0.43278760
0741 0.56394392
0742 -0.00819901
0750 0.43690562
0751 0.52286559
0752 -0.01161789
0760 0.42769289
0761 0.56766170
0762 -0.00053407
0770 0.42990544
0771 0.56917560
0772 -0.00417307
0780 0.42925024
0781 0.56609666
0782 -0.00154621
0790 0.43798196
0791 0.51652658
0792 -0.02028468
0800 0.43562549
0801 0.56548947
0802 -0.00620571
0810 0.43941671
0811 0.56562436
0812 -0.00860496
0820 0.44369593
0821 0.56597722
0822 -0.01063842
0830 0.44179970
0831 0.59320915
0832 -0.00770830
0840 0.44216543
0841 0.58313674
0842 -0.01249392
0850 0.44237897
0851 0.57694972
0852 -0.01298473
0860 0.44278386
0861 0.57160056
0862 -0.01171873
0870 0.44329500
0871 0.56772399
0872 -0.01079070
0880 0.43462467
0881 0.56705105
0882 -0.00648360
0890 0.43386754
0891 0.56843889
0892 -0.00748787
0900 0.43272716
0901 0.57127106
0902 -0.00841521
0910 0.43164754
0911 0.57483470
0912 -0.00741703
0920 0.42598593
0921 0.54825473
0922 -0.00637753
0930 0.38697985
0931 0.50178170
0932 0.06070181
0940 0.44800210
0941 0.52502131
0942 -0.01918662
0950 0.43213171
0951 0.56696880
0952 -0.00366144
0960 0.43112981
0961 0.56772435
0962 -0.00428127
0970 0.44149920
0971 0.52900231
0972 -0.01390851
0980 0.43327907
0981 0.52650177
0982 -0.00799396
0990 0.44067881
0991 0.52665824
0992 -0.01373477
1000 0.42622042
1001 0.48470709
1002 -0.00134951
1010 0.41734296
1011 0.49230361
1012 0.00038238
1020 0.43013731
1021 0.51332629
1022 -0.00984602
1030 0.40231651
1031 0.37006217
1032 0.01537332
1040 0.40606165
1041 0.38453633
1042 0.00690479
1050 0.41009381
1051 0.40039492
1052 0.00022816
1060 0.42871156
1061 0.58323038
1062 -0.00330520
1070 0.43417341
1071 0.40287668
1072 -0.00844827
1080 0.43242821
1081 0.38012183
1082 -0.00484568
1090 0.43024284
1091 0.35617664
1092 -0.00090896
1100 0.40950060
1101 0.45627797
1102 0.00827166
1110 0.39670929
1111 0.46804881
1112 0.01630791
1120 0.43214360
1121 0.45285952
1122 0.00483148
1130 0.40238613
1131 0.43726724
1132 0.01111895
1140 0.43560228
1141 0.47074038
1142 -0.00513806
1150 0.43434179
1151 0.50967407
1152 -0.02005533
1160 0.39092189
1161 0.47571945
1162 0.02245777
1170 0.40051472
1171 0.47653159
1172 0.01097141
1180 0.40761232
1181 0.48143271
1182 0.00540778
1190 0.41826397
1191 0.47950172
1192 0.00287861
1200 0.42589206
1201 0.47468108
1202 0.00157894
1210 0.43156362
1211 0.46944964
1212 0.00016256
1220 0.44284785
1221 0.45590705
1222 -0.01063936
1230 0.39191103
1231 0.49962199
1232 0.02042674
1240 0.39771780
1241 0.43543693
1242 0.01405906
1250 0.44519734
1251 0.52215952
1252 -0.02602586
1260 0.43239519
1261 0.48980474
1262 -0.00583126
1270 0.38515663
1271 0.45239526
1272 0.05740863
1280 0.43567687
1281 0.46338689
1282 -0.00056981
1290 0.42965975
1291 0.51407611
1292 -0.00450679
1300 0.40521359
1301 0.44498491
1302 0.01260986
1310 0.43404889
1311 0.50234175
1312 -0.01791774
1320 0.38901871
1321 0.52853191
1322 0.05753290
1330 0.43200547
1331 0.44848740
1332 0.00633216
1340 0.43817312
1341 0.49555373
1342 -0.02333122
1350 0.40439227
1351 0.58418095
1352 0.02025521
1360 0.40473244
1361 0.59540009
1362 0.03041715
1370 0.38680387
1371 0.50094789
1372 0.04063422
1380 0.39748436
1381 0.56933522
1382 0.02782297
1390 0.38929170
1391 0.43103668
1392 0.03332020
1400 0.42684853
1401 0.61828744
1402 0.00244902
1410 0.44589686
1411 0.52456117
1412 -0.01876388
1420 0.42760509
1421 0.49824411
1422 -0.00390440
1430 0.39172304
1431 0.45349151
1432 0.02486885
1440 0.41435477
1441 0.45153651
1442 0.00624467
1450 0.41913807
1451 0.45280972
1452 0.00480360
1460 0.42854089
1461 0.57123744
1462 -0.00321317
1470 0.39334261
1471 0.52203065
1472 0.02168935
1480 0.43706709
1481 0.63281643
1482 0.00315024
1490 0.42046791
1491 0.61799169
1492 0.01529841
1500 0.41326970
1501 0.60890061
1502 0.02193319
1510 0.44791245
1511 0.38161480
1512 -0.00601157
1520 0.44888505
1521 0.63549560
1522 0.00104782
1530 0.42368308
1531 0.45238572
1532 0.00448380
1540 0.42796308
1541 0.45076922
1542 0.00515380
1550 0.43076265
1551 0.44960600
1552 0.00631004
1560 0.39364406
1561 0.43324298
1562 0.01988330
1570 0.42740554
1571 0.44017899
1572 0.00445164
1580 0.42266476
1581 0.43654200
1582 0.00378729
1590 0.41779119
1591 0.43543383
1592 0.00419700
1600 0.41282332
1601 0.43693900
1602 0.00559864
1610 0.40976673
1611 0.43993121
1612 0.00731941
1620 0.38580650
1621 0.42635328
1622 0.04889339
1630 0.41103593
1631 0.44969767
1632 0.00810189
1640 0.44820353
1641 0.53698206
1642 -0.01462347
1650 0.43068469
1651 0.54211283
1652 -0.00896975
1660 0.43532857
1661 0.51870888
1662 -0.01471930
1670 0.44088936
1671 0.53837132
1672 -0.01402369
1680 0.44816673
1681 0.43794847
1682 -0.00840248
1690 0.41188282
1691 0.59770370
1692 0.01469412
1700 0.41903263
1701 0.60794747
1702 0.00883588
1710 0.43663102
1711 0.62659740
1712 -0.00355098
1720 0.39822039
1721 0.57926130
1722 0.04135024
1730 0.43059891
1731 0.44535714
1732 0.00558107
1740 0.43917084
1741 0.47411191
1742 -0.01282079
1750 0.44888559
1751 0.62887836
1752 -0.00559722
1760 0.42812145
1761 0.62619638
1762 0.00832583
1770 0.38864455
1771 0.52541900
1772 0.03915370
1780 0.43856463
1781 0.56715924
1782 -0.00883018
1790 0.43777585
1791 0.56983584
1792 -0.00992802
1800 0.43702561
1801 0.57404351
1802 -0.01104070
1810 0.43638408
1811 0.57962638
1812 -0.01034417
1820 0.43461382
1821 0.58893442
1822 -0.00625012
1830 0.43114018
1831 0.56671596
1832 -0.00391468
1840 0.42953020
1841 0.56598383
1842 -0.00394480
1850 0.42790502
1851 0.56444967
1852 -0.00393033
1860 0.42206129
1861 0.55690259
1862 -0.00259162
1870 0.40072513
1871 0.52855790
1872 0.01016336
1880 0.43925905
1881 0.46258342
1882 -0.00744049
1890 0.43625060
1891 0.43987811
1892 0.00237723
1900 0.43292776
1901 0.44193792
1902 0.00457418
1910 0.43228430
1911 0.56525952
1912 -0.00340414
1920 0.40020892
1921 0.55469328
1922 0.01769106
1930 0.44094360
1931 0.43906626
1932 -0.00474012
1940 0.43112099
1941 0.59877282
1942 -0.00321854
1950 0.44795859
1951 0.47759867
1952 -0.02314819
1960 0.44286403
1961 0.46832204
1962 -0.01648170
1970 0.44804603
1971 0.46606469
1972 -0.01775222
1980 0.43556613
1981 0.49232537
1982 -0.01297013
1990 0.44879952
1991 0.61864603
1992 -0.00854003
2000 0.44883865
2001 0.60540295
2002 -0.00826157
2010 0.43969104
2011 0.60455954
2012 -0.00680465
2020 0.41823873
2021 0.58026016
2022 0.00298793
2030 0.42496443
2031 0.52278882
2032 -0.00325928
2040 0.42406154
2041 0.59092915
2042 0.00012106
2050 0.41261598
2051 0.51998210
2052 -0.00081204
2060 0.42001009
2061 0.53356397
2062 -0.00262628
2070 0.40816873
2071 0.53765345
2072 0.00330846
2080 0.43764168
2081 0.61688787
2082 -0.00632364
2090 0.43248349
2091 0.49894935
2092 -0.00912611
2100 0.41355097
2101 0.58701622
2102 0.00830084
2110 0.42069894
2111 0.59824026
2112 0.00438146
2120 0.41390401
2121 0.56718528
2122 0.00407518
2130 0.39488035
2131 0.54086530
2132 0.02317465
2140 0.40702736
2141 0.56739926
2142 0.00971359
2150 0.39173710
2151 0.54838282
2152 0.03608508
2160 0.41609013
2161 0.54805624
2162 -0.00014898
2170 0.43586266
2171 0.48171365
2172 -0.00904464
2180 0.43618149
2181 0.51469576
2182 -0.02134310
2190 0.43305281
2191 0.51796085
2192 -0.01536456
2200 0.43798232
2201 0.50696647
2202 -0.02520395
2210 0.43169126
2211 0.42888802
2212 0.00082989
2220 0.42308205
2221 0.42234719
2222 0.00025476
2230 0.41546530
2231 0.42115676
2232 0.00093153
2240 0.40913373
2241 0.42315736
2242 0.00336515
2250 0.40477511
2251 0.42831597
2252 0.00673298
2260 0.40149367
2261 0.44806075
2262 0.01497906
2270 0.38591644
2271 0.47718674
2272 0.03990629
2280 0.40563238
2281 0.46480128
2282 0.01014720
2290 0.41126275
2291 0.46832925
2292 0.00662406
2300 0.41851428
2301 0.46836302
2302 0.00420691
2310 0.42543975
2311 0.46597514
2312 0.00291453
2320 0.43069112
2321 0.46232462
2322 0.00289867
2330 0.43428180
2331 0.45858702
2332 0.00248592
2340 0.38605958
2341 0.47674021
2342 0.06105696
2350 0.43331888
2351 0.52117413
2352 -0.01262603
2360 0.43908826
2361 0.48450321
2362 -0.01729689
2370 0.43959928
2371 0.51495743
2372 -0.02576532
2380 0.44272119
2381 0.52044618
2382 -0.02371370
2390 0.43986291
2391 0.51683736
2392 -0.02310886
2400 0.43497041
2401 0.52472824
2402 -0.01093740
2410 0.44361657
2411 0.52147508
2412 -0.02519811
2420 0.44423366
2421 0.52392167
2422 -0.01876068
2430 0.43394160
2431 0.44932178
2432 0.00541771
2440 0.43712211
2441 0.45225757
2442 0.00195731
2450 0.43881389
2451 0.45429027
2452 -0.00193949
2460 0.40804178
2461 0.44238874
2462 0.00917028
2470 0.40551239
2471 0.43826973
2472 0.00943826
2480 0.45281458
2481 0.47960478
2482 -0.02152948
2490 0.48917371
2491 0.45108408
2492 0.00734153
2500 0.45296341
2501 0.52249646
2502 -0.01907302
2510 0.51002467
2511 0.40822428
2512 0.03430553
2520 0.47293371
2521 0.46096158
2522 0.00185868
2530 0.47849715
2531 0.46193087
2532 0.00225676
2540 0.48388565
2541 0.46165776
2542 0.00370568
2550 0.49115711
2551 0.45525378
2552 0.00816317
2560 0.46818313
2561 0.45796412
2562 0.00282708
2570 0.48014539
2571 0.43018970
2572 0.00022560
2580 0.47404584
2581 0.43112570
2582 0.00040040
2590 0.48578808
2591 0.43233711
2592 0.00184873
2600 0.48963213
2601 0.43676168
2602 0.00381323
2610 0.49566308
2611 0.46306756
2612 0.01074241
2620 0.47009403
2621 0.60930723
2622 -0.00202230
2630 0.49126396
2631 0.44786102
2632 0.00911391
2640 0.51275474
2641 0.45661739
2642 0.03509337
2650 0.50210524
2651 0.45456344
2652 0.01634245
2660 0.47649956
2661 0.50849915
2662 -0.00425124
2670 0.45473635
2671 0.55370414
2672 -0.01607256
2680 0.45373526
2681 0.56488311
2682 -0.01333003
2690 0.46150008
2691 0.55793417
2692 -0.01312559
2700 0.46591115
2701 0.56271720
2702 -0.00954551
2710 0.45867321
2711 0.56609565
2712 -0.01156508
2720 0.46257353
2721 0.56753755
2722 -0.00813826
2730 0.47390285
2731 0.57896346
2732 -0.00191637
2740 0.45229584
2741 0.51655805
2742 -0.02875473
2750 0.45308220
2751 0.50558674
2752 -0.03039204
2760 0.49820468
2761 0.42441824
2762 0.00598075
2770 0.46531856
2771 0.47969303
2772 -0.00407667
2780 0.46519601
2781 0.51504636
2782 -0.01554150
2790 0.46579480
2791 0.50900406
2792 -0.01385740
2800 0.49345547
2801 0.50753343
2802 0.00261421
2810 0.45294541
2811 0.49167243
2812 -0.02703229
2820 0.48508358
2821 0.41124898
2822 -0.00279339
2830 0.49265701
2831 0.41578823
2832 0.00136479
2840 0.50397050
2841 0.38832331
2842 0.02374995
2850 0.46060050
2851 0.41955152
2852 -0.00710594
2860 0.46884036
2861 0.43526554
2862 0.00198836
2870 0.47790593
2871 0.56940228
2872 -0.00046413
2880 0.50692582
2881 0.55701280
2882 0.04824640
2890 0.46110415
2891 0.52128422
2892 -0.01351566
2900 0.45671433
2901 0.52447593
2902 -0.01387741
2910 0.47101867
2911 0.57001072
2912 -0.00121297
2920 0.46860451
2921 0.56887865
2922 -0.00276021
2930 0.49579942
2931 0.40853614
2932 0.00396407
2940 0.46542257
2941 0.52020699
2942 -0.01257415
2950 0.47478217
2951 0.41115910
2952 -0.00580275
2960 0.47582811
2961 0.40207523
2962 -0.00680211
2970 0.48066264
2971 0.36198026
2972 0.00304437
2980 0.49988443
2981 0.39839828
2982 0.01228028
2990 0.47767580
2991 0.38231078
2992 -0.00221558
3000 0.50173306
3001 0.41951817
3002 0.01080778
3010 0.50590611
3011 0.41479620
3012 0.02176900
3020 0.45431226
3021 0.56030881
3022 -0.01536728
3030 0.45987141
3031 0.56310487
3032 -0.01267020
3040 0.46424198
3041 0.56538630
3042 -0.00931146
3050 0.45973602
3051 0.52333379
3052 -0.01225278
3060 0.46966356
3061 0.56968522
3062 -0.00205381
3070 0.46765870
3071 0.57084298
3072 -0.00558907
3080 0.46817094
3081 0.56809050
3082 -0.00289792
3090 0.45815143
3091 0.51688242
3092 -0.02100473
3100 0.46154433
3101 0.56673634
3102 -0.00724292
3110 0.45761994
3111 0.56652236
3112 -0.00934405
3120 0.45309243
3121 0.56635910
3122 -0.01103359
3130 0.45606530
3131 0.59362662
3132 -0.00784962
3140 0.45545763
3141 0.58378386
3142 -0.01284658
3150 0.45501786
3151 0.57751518
3152 -0.01340660
3160 0.45448738
3161 0.57199848
3162 -0.01219123
3170 0.45400912
3171 0.56819308
3172 -0.01124431
3180 0.46292037
3181 0.56832206
3182 -0.00751829
3190 0.46373343
3191 0.56973368
3192 -0.00851698
3200 0.46492952
3201 0.57266915
3202 -0.00940873
3210 0.46606568
3211 0.57628268
3212 -0.00853111
3220 0.47119206
3221 0.54959249
3222 -0.00769508
3230 0.51302922
3231 0.50392807
3232 0.05724940
3240 0.46540561
3241 0.56853449
3242 -0.00494582
3250 0.46637389
3251 0.56936646
3252 -0.00560028
3260 0.45494342
3261 0.52927899
3262 -0.01436918
3270 0.46359181
3271 0.52717674
3272 -0.00877788
3280 0.45575285
3281 0.52701175
3282 -0.01419128
3290 0.47116876
3291 0.48649833
3292 -0.00242790
3300 0.48038304
3301 0.49433881
3302 -0.00102353
3310 0.46669620
3311 0.51411617
3312 -0.01084440
3320 0.49470812
3321 0.37249267
3322 0.01248653
3330 0.49102229
3331 0.38709986
3332 0.00441912
3340 0.48711491
3341 0.40244591
3342 -0.00189528
3350 0.46931642
3351 0.58480424
3352 -0.00471956
3360 0.46239674
3361 0.40456194
3362 -0.00912166
3370 0.46377909
3371 0.38166076
3372 -0.00571546
3380 0.46545583
3381 0.35669282
3382 -0.00188820
3390 0.48848093
3391 0.45963377
3392 0.00603479
3400 0.50184226
3401 0.47143513
3402 0.01357360
3410 0.46513084
3411 0.45482343
3412 0.00379142
3420 0.49583936
3421 0.44045717
3422 0.00840385
3430 0.46144086
3431 0.47205037
3432 -0.00587164
3440 0.46184957
3441 0.51052868
3442 -0.02085549
3450 0.50792402
3451 0.47868198
3452 0.01939696
3460 0.49787953
3461 0.47979262
3462 0.00849788
3470 0.49049473
3471 0.48414588
3472 0.00341295
3480 0.47952783
3481 0.48186189
3482 0.00140122
3490 0.47164264
3491 0.47672337
3492 0.00037605
3500 0.46579158
3501 0.47116730
3502 -0.00082595
3510 0.45367262
3511 0.45645922
3512 -0.01088709
3520 0.50691831
3521 0.50245798
3522 0.01757568
3530 0.50060797
3531 0.43841156
3532 0.01110842
3540 0.45058271
3541 0.52229553
3542 -0.02613956
3550 0.46458095
3551 0.49103758
3552 -0.00670649
3560 0.51456004
3561 0.45514047
3562 0.05381123
3570 0.46142787
3571 0.46483120
3572 -0.00140821
3580 0.46728915
3581 0.51481146
3582 -0.00541652
3590 0.49302271
3591 0.44833270
3592 0.01011155
3600 0.46228194
3601 0.50313091
3602 -0.01872979
3610 0.51100808
3611 0.52992398
3612 0.05439395
3620 0.46520099
3621 0.45034873
3622 0.00516961
3630 0.45783067
3631 0.49605417
3632 -0.02397575
3640 0.49468678
3641 0.58482075
3642 0.01796258
3650 0.49456429
3651 0.59538388
3652 0.02788346
3660 0.51260507
3661 0.50344324
3662 0.03742927
3670 0.50173140
3671 0.57007170
3672 0.02514222
3680 0.50959003
3681 0.43402937
3682 0.03012200
3690 0.47141069
3691 0.61902416
3692 0.00114154
3700 0.45016313
3701 0.52464062
3702 -0.01889544
3710 0.46956754
3711 0.49954903
3712 -0.00492225
3720 0.50712872
3721 0.45664760
3722 0.02173259
3730 0.48349112
3731 0.45466638
3732 0.00421514
3740 0.47862634
3741 0.45559096
3742 0.00299708
3750 0.46910599
3751 0.57307971
3752 -0.00465985
3760 0.50561589
3761 0.52403903
3762 0.01896542
3770 0.46081221
3771 0.63317966
3772 0.00290744
3780 0.47829312
3781 0.61852622
3782 0.01338483
3790 0.48577464
3791 0.60944736
3792 0.01970143
3800 0.47397301
3801 0.45485774
3802 0.00292871
3810 0.46947640
3811 0.45289749
3812 0.00386216
3820 0.46661717
3821 0.45159864
3822 0.00512945
3830 0.50476944
3831 0.43603027
3832 0.01681014
3840 0.46993101
3841 0.44220889
3842 0.00296363
3850 0.47473186
3851 0.43877798
3852 0.00208417
3860 0.47965229
3861 0.43811041
3862 0.00232881
3870 0.48476684
3871 0.43996024
3872 0.00343637
3880 0.48796186
3881 0.44322431
3882 0.00500941
3890 0.51337862
3891 0.42927086
3892 0.04542134
3900 0.48676115
3901 0.45304698
3902 0.00588904
3910 0.46626565
3911 0.54306662
3912 -0.01009078
3920 0.46114516
3921 0.51938897
3922 -0.01538963
3930 0.45563293
3931 0.53873187
3932 -0.01449808
3940 0.48696792
3941 0.59863234
3942 0.01249970
3950 0.47960550
3951 0.60868770
3952 0.00704138
3960 0.46115410
3961 0.62708426
3962 -0.00391134
3970 0.50140446
3971 0.57912791
3972 0.03855642
3980 0.46663138
3981 0.44719988
3982 0.00428806
3990 0.45738506
3991 0.47497559
3992 -0.01342069
4000 0.47024328
4001 0.62678218
4002 0.00695035
4010 0.51070571
4011 0.52737153
4012 0.03614119
4020 0.45891038
4021 0.56802619
4022 -0.00958597
4030 0.45970351
4031 0.57061321
4032 -0.01068753
4040 0.46056110
4041 0.57492405
4042 -0.01183356
4050 0.46132731
4051 0.58062160
4052 -0.01116248
4060 0.46340927
4061 0.59000838
4062 -0.00711767
4070 0.46607560
4071 0.56843281
4072 -0.00522299
4080 0.46763313
4081 0.56782466
4082 -0.00534927
4090 0.46929088
4091 0.56642407
4092 -0.00540551
4100 0.47535181
4101 0.55891263
4102 -0.00426522
4110 0.49771470
4111 0.53079164
4112 0.00775677
4120 0.45748162
4121 0.46352541
4122 -0.00807964
4130 0.46060210
4131 0.44152379
4132 0.00147222
4140 0.46409982
4141 0.44375938
4142 0.00343864
4150 0.46490866
4151 0.56686300
4152 -0.00468364
4160 0.49860042
4161 0.55621719
4162 0.01510263
4170 0.45559621
4171 0.44024265
4172 -0.00529489
4180 0.46704921
4181 0.59978086
4182 -0.00417041
4190 0.45335346
4191 0.46871495
4192 -0.01668658
4200 0.46100652
4201 0.49319604
4202 -0.01370079
4210 0.45823419
4211 0.60521644
4212 -0.00692988
4220 0.47999948
4221 0.58216739
4222 0.00124592
4230 0.47219723
4231 0.52387226
4232 -0.00449978
4240 0.47428840
4241 0.59231019
4242 -0.00142409
4250 0.48530120
4251 0.52165496
4252 -0.00258706
4260 0.47743481
4261 0.53494394
4262 -0.00420852
4270 0.48997790
4271 0.53960383
4272 0.00113727
4280 0.46028370
4281 0.61757898
4282 -0.00667076
4290 0.46424711
4291 0.49991316
4292 -0.00998116
4300 0.48509964
4301 0.58842671
4302 0.00629791
4310 0.47783780
4311 0.59907675
4312 0.00271984
4320 0.48415291
4321 0.56949413
4322 0.00211085
4330 0.50402272
4331 0.54228306
4332 0.02039646
4340 0.49153048
4341 0.56907487
4342 0.00738830
4350 0.50773150
4351 0.54942536
4352 0.03306265
4360 0.48170447
4361 0.54997534
4362 -0.00207110
4370 0.46089673
4371 0.48286504
4372 -0.00976873
4380 0.45992762
4381 0.51527369
4382 -0.02210692
4390 0.46345848
4391 0.51873094
4392 -0.01616284
4400 0.45779312
4401 0.50737405
4402 -0.02584064
4410 0.46523267
4411 0.43056583
4412 -0.00033067
4420 0.47414085
4421 0.42433366
4422 -0.00128740
4430 0.48196653
4431 0.42349550
4432 -0.00088686
4440 0.48849878
4441 0.42589742
4442 0.00104271
4450 0.49314657
4451 0.43113381
4452 0.00416145
4460 0.49691761
4461 0.45148790
4462 0.01230380
4470 0.51359093
4471 0.47996300
4472 0.03646151
4480 0.49253619
4481 0.46804002
4482 0.00784733
4490 0.48675513
4491 0.47134906
4492 0.00468347
4500 0.47923711
4501 0.47102231
4502 0.00255856
4510 0.47212625
4511 0.46810845
4512 0.00155971
4520 0.46669877
4521 0.46419635
4522 0.00182308
4530 0.46289998
4531 0.46028394
4532 0.00155080
4540 0.51386809
4541 0.47928759
4542 0.05742503
4550 0.46331739
4551 0.52186954
4552 -0.01343028
4560 0.45720726
4561 0.48512143
4562 -0.01793191
4570 0.45616630
4571 0.51523763
4572 -0.02628016
4580 0.45323563
4581 0.52065200
4582 -0.02406471
4590 0.45610687
4591 0.51709723
4592 -0.02363930
4600 0.46180964
4601 0.52527630
4602 -0.01167758
4610 0.45229077
4611 0.52165103
4612 -0.02539508
4620 0.45183170
4621 0.52407575
4622 -0.01899301
4630 0.46318406
4631 0.45111102
4632 0.00439492
4640 0.45985585
4641 0.45376533
4642 0.00116941
4650 0.45804852
4651 0.45555252
4652 -0.00256771
4660 0.48981127
4661 0.44571471
4662 0.00683133
4670 0.49255115
4671 0.44135976
4672 0.00690357
FFFF